320.0 197.0 320.0 208.0 292.0 210.0 291.0 198.0 small-vehicle 0
222.0 206.0 222.0 219.0 193.0 223.0 189.0 209.0 small-vehicle 0
99.0 247.0 107.0 255.0 89.0 280.0 75.0 270.0 small-vehicle 0
405.0 201.0 410.0 219.0 307.0 240.0 302.0 218.0 large-vehicle 0
503.0 157.0 514.0 168.0 488.0 191.0 478.0 181.0 small-vehicle 0
601.0 483.0 613.0 493.0 595.0 518.0 579.0 508.0 small-vehicle 0
582.0 469.0 585.0 457.0 617.0 460.0 615.0 474.0 small-vehicle 0
573.0 30.0 587.0 33.0 573.0 65.0 561.0 59.0 small-vehicle 0
654.0 448.0 668.0 449.0 665.0 475.0 649.0 476.0 small-vehicle 0
635.0 370.0 652.0 371.0 651.0 403.0 633.0 401.0 small-vehicle 0
666.0 382.0 680.0 383.0 679.0 417.0 662.0 417.0 small-vehicle 0
661.0 301.0 675.0 303.0 672.0 333.0 659.0 334.0 small-vehicle 0
637.0 285.0 652.0 285.0 651.0 317.0 638.0 318.0 small-vehicle 0
615.0 269.0 630.0 268.0 632.0 305.0 616.0 307.0 small-vehicle 0
579.0 295.0 587.0 282.0 610.0 304.0 601.0 312.0 small-vehicle 0
575.0 328.0 583.0 315.0 611.0 329.0 604.0 340.0 small-vehicle 0
579.0 350.0 583.0 340.0 617.0 351.0 613.0 361.0 small-vehicle 0
578.0 378.0 581.0 365.0 617.0 371.0 614.0 383.0 small-vehicle 0
577.0 403.0 579.0 391.0 613.0 394.0 612.0 407.0 small-vehicle 0
581.0 423.0 582.0 409.0 618.0 415.0 616.0 427.0 small-vehicle 0
578.0 446.0 578.0 434.0 617.0 435.0 616.0 449.0 small-vehicle 0
