204.0 159.0 214.0 166.0 196.0 189.0 186.0 181.0 small-vehicle 0
669.0 539.0 669.0 550.0 641.0 552.0 640.0 540.0 small-vehicle 0
571.0 548.0 571.0 561.0 542.0 565.0 538.0 551.0 small-vehicle 0
898.0 81.0 910.0 81.0 913.0 111.0 899.0 112.0 small-vehicle 0
288.0 823.0 299.0 831.0 282.0 855.0 268.0 848.0 small-vehicle 0
217.0 753.0 206.0 743.0 222.0 721.0 237.0 731.0 small-vehicle 0
448.0 589.0 456.0 597.0 438.0 622.0 424.0 612.0 small-vehicle 0
387.0 266.0 372.0 267.0 372.0 236.0 388.0 235.0 small-vehicle 0
145.0 235.0 155.0 244.0 141.0 268.0 128.0 259.0 small-vehicle 0
114.0 279.0 123.0 287.0 108.0 307.0 96.0 299.0 small-vehicle 0
754.0 543.0 759.0 561.0 656.0 582.0 651.0 560.0 large-vehicle 0
852.0 499.0 863.0 510.0 837.0 533.0 827.0 523.0 small-vehicle 0
950.0 825.0 962.0 835.0 944.0 860.0 928.0 850.0 small-vehicle 0
931.0 811.0 934.0 799.0 966.0 802.0 964.0 816.0 small-vehicle 0
937.0 255.0 952.0 255.0 952.0 289.0 936.0 291.0 small-vehicle 0
929.0 310.0 943.0 313.0 937.0 337.0 922.0 337.0 small-vehicle 0
922.0 372.0 936.0 375.0 922.0 407.0 910.0 401.0 small-vehicle 0
1003.0 790.0 1017.0 791.0 1014.0 817.0 998.0 818.0 small-vehicle 0
984.0 712.0 1001.0 713.0 1000.0 745.0 982.0 743.0 small-vehicle 0
1015.0 724.0 1029.0 725.0 1028.0 759.0 1011.0 759.0 small-vehicle 2
1010.0 643.0 1024.0 645.0 1021.0 675.0 1008.0 676.0 small-vehicle 0
986.0 627.0 1001.0 627.0 1000.0 659.0 987.0 660.0 small-vehicle 0
964.0 611.0 979.0 610.0 981.0 647.0 965.0 649.0 small-vehicle 0
928.0 637.0 936.0 624.0 959.0 646.0 950.0 654.0 small-vehicle 0
924.0 670.0 932.0 657.0 960.0 671.0 953.0 682.0 small-vehicle 0
928.0 692.0 932.0 682.0 966.0 693.0 962.0 703.0 small-vehicle 0
927.0 720.0 930.0 707.0 966.0 713.0 963.0 725.0 small-vehicle 0
926.0 745.0 928.0 733.0 962.0 736.0 961.0 749.0 small-vehicle 0
930.0 765.0 931.0 751.0 967.0 757.0 965.0 769.0 small-vehicle 0
927.0 788.0 927.0 776.0 966.0 777.0 965.0 791.0 small-vehicle 0
264.0 -88.0 1047.0 -88.0 1047.0 678.0 264.0 678.0 roundabout 2
