320.0 649.0 320.0 660.0 292.0 662.0 291.0 650.0 small-vehicle 0
222.0 658.0 222.0 671.0 193.0 675.0 189.0 661.0 small-vehicle 0
549.0 191.0 561.0 191.0 564.0 221.0 550.0 222.0 small-vehicle 0
434.0 100.0 430.0 87.0 463.0 82.0 463.0 94.0 small-vehicle 0
38.0 376.0 23.0 377.0 23.0 346.0 39.0 345.0 small-vehicle 0
405.0 653.0 410.0 671.0 307.0 692.0 302.0 670.0 large-vehicle 2
503.0 609.0 514.0 620.0 488.0 643.0 478.0 633.0 small-vehicle 0
588.0 365.0 603.0 365.0 603.0 399.0 587.0 401.0 small-vehicle 0
580.0 420.0 594.0 423.0 588.0 447.0 573.0 447.0 small-vehicle 0
573.0 482.0 587.0 485.0 573.0 517.0 561.0 511.0 small-vehicle 0
-85.0 22.0 698.0 22.0 698.0 788.0 -85.0 788.0 roundabout 2
