195.0 300.0 195.0 311.0 167.0 313.0 166.0 301.0 small-vehicle 0
97.0 309.0 97.0 322.0 68.0 326.0 64.0 312.0 small-vehicle 0
280.0 304.0 285.0 322.0 182.0 343.0 177.0 321.0 large-vehicle 0
378.0 260.0 389.0 271.0 363.0 294.0 353.0 284.0 small-vehicle 0
476.0 586.0 488.0 596.0 470.0 621.0 454.0 611.0 small-vehicle 0
457.0 572.0 460.0 560.0 492.0 563.0 490.0 577.0 small-vehicle 0
463.0 16.0 478.0 16.0 478.0 50.0 462.0 52.0 small-vehicle 0
455.0 71.0 469.0 74.0 463.0 98.0 448.0 98.0 small-vehicle 0
448.0 133.0 462.0 136.0 448.0 168.0 436.0 162.0 small-vehicle 0
529.0 551.0 543.0 552.0 540.0 578.0 524.0 579.0 small-vehicle 0
510.0 473.0 527.0 474.0 526.0 506.0 508.0 504.0 small-vehicle 0
541.0 485.0 555.0 486.0 554.0 520.0 537.0 520.0 small-vehicle 0
562.0 496.0 576.0 495.0 577.0 529.0 564.0 530.0 small-vehicle 0
583.0 508.0 600.0 510.0 597.0 539.0 579.0 538.0 small-vehicle 0
617.0 464.0 631.0 469.0 626.0 496.0 613.0 493.0 small-vehicle 0
599.0 454.0 614.0 455.0 608.0 487.0 594.0 485.0 small-vehicle 0
581.0 437.0 591.0 441.0 586.0 472.0 573.0 470.0 small-vehicle 0
552.0 419.0 570.0 421.0 567.0 455.0 553.0 455.0 small-vehicle 0
536.0 404.0 550.0 406.0 547.0 436.0 534.0 437.0 small-vehicle 0
512.0 388.0 527.0 388.0 526.0 420.0 513.0 421.0 small-vehicle 0
490.0 372.0 505.0 371.0 507.0 408.0 491.0 410.0 small-vehicle 0
454.0 398.0 462.0 385.0 485.0 407.0 476.0 415.0 small-vehicle 0
450.0 431.0 458.0 418.0 486.0 432.0 479.0 443.0 small-vehicle 0
454.0 453.0 458.0 443.0 492.0 454.0 488.0 464.0 small-vehicle 0
453.0 481.0 456.0 468.0 492.0 474.0 489.0 486.0 small-vehicle 0
452.0 506.0 454.0 494.0 488.0 497.0 487.0 510.0 small-vehicle 0
456.0 526.0 457.0 512.0 493.0 518.0 491.0 530.0 small-vehicle 0
453.0 549.0 453.0 537.0 492.0 538.0 491.0 552.0 small-vehicle 0
