320.0 300.0 320.0 311.0 292.0 313.0 291.0 301.0 small-vehicle 0
222.0 309.0 222.0 322.0 193.0 326.0 189.0 312.0 small-vehicle 0
99.0 350.0 107.0 358.0 89.0 383.0 75.0 373.0 small-vehicle 0
38.0 27.0 23.0 28.0 23.0 -3.0 39.0 -4.0 small-vehicle 2
405.0 304.0 410.0 322.0 307.0 343.0 302.0 321.0 large-vehicle 0
503.0 260.0 514.0 271.0 488.0 294.0 478.0 284.0 small-vehicle 0
601.0 586.0 613.0 596.0 595.0 621.0 579.0 611.0 small-vehicle 0
582.0 572.0 585.0 560.0 617.0 563.0 615.0 577.0 small-vehicle 0
588.0 16.0 603.0 16.0 603.0 50.0 587.0 52.0 small-vehicle 0
580.0 71.0 594.0 74.0 588.0 98.0 573.0 98.0 small-vehicle 0
573.0 133.0 587.0 136.0 573.0 168.0 561.0 162.0 small-vehicle 0
654.0 551.0 668.0 552.0 665.0 578.0 649.0 579.0 small-vehicle 0
635.0 473.0 652.0 474.0 651.0 506.0 633.0 504.0 small-vehicle 0
666.0 485.0 680.0 486.0 679.0 520.0 662.0 520.0 small-vehicle 0
661.0 404.0 675.0 406.0 672.0 436.0 659.0 437.0 small-vehicle 0
637.0 388.0 652.0 388.0 651.0 420.0 638.0 421.0 small-vehicle 0
615.0 372.0 630.0 371.0 632.0 408.0 616.0 410.0 small-vehicle 0
579.0 398.0 587.0 385.0 610.0 407.0 601.0 415.0 small-vehicle 0
575.0 431.0 583.0 418.0 611.0 432.0 604.0 443.0 small-vehicle 0
579.0 453.0 583.0 443.0 617.0 454.0 613.0 464.0 small-vehicle 0
578.0 481.0 581.0 468.0 617.0 474.0 614.0 486.0 small-vehicle 0
577.0 506.0 579.0 494.0 613.0 497.0 612.0 510.0 small-vehicle 0
581.0 526.0 582.0 512.0 618.0 518.0 616.0 530.0 small-vehicle 0
578.0 549.0 578.0 537.0 617.0 538.0 616.0 552.0 small-vehicle 0
