204.0 618.0 214.0 625.0 196.0 648.0 186.0 640.0 small-vehicle 0
168.0 397.0 160.0 408.0 136.0 386.0 144.0 378.0 small-vehicle 0
142.0 374.0 133.0 384.0 110.0 361.0 119.0 350.0 small-vehicle 0
109.0 346.0 101.0 355.0 77.0 335.0 86.0 324.0 small-vehicle 0
172.0 370.0 164.0 378.0 142.0 359.0 150.0 350.0 small-vehicle 0
267.0 326.0 277.0 316.0 298.0 336.0 287.0 345.0 small-vehicle 0
226.0 290.0 234.0 281.0 258.0 303.0 250.0 312.0 small-vehicle 0
196.0 264.0 203.0 254.0 227.0 274.0 218.0 284.0 small-vehicle 0
168.0 245.0 176.0 234.0 196.0 251.0 188.0 260.0 small-vehicle 0
147.0 221.0 155.0 212.0 174.0 232.0 166.0 239.0 small-vehicle 0
119.0 198.0 126.0 189.0 151.0 210.0 141.0 218.0 small-vehicle 0
64.0 178.0 73.0 170.0 92.0 187.0 84.0 196.0 small-vehicle 0
89.0 174.0 100.0 165.0 120.0 185.0 115.0 195.0 small-vehicle 0
