204.0 618.0 214.0 625.0 196.0 648.0 186.0 640.0 small-vehicle 0
669.0 998.0 669.0 1009.0 641.0 1011.0 640.0 999.0 small-vehicle 0
571.0 1007.0 571.0 1020.0 542.0 1024.0 538.0 1010.0 small-vehicle 0
898.0 540.0 910.0 540.0 913.0 570.0 899.0 571.0 small-vehicle 0
783.0 449.0 779.0 436.0 812.0 431.0 812.0 443.0 small-vehicle 0
697.0 103.0 686.0 92.0 709.0 63.0 724.0 77.0 small-vehicle 0
387.0 725.0 372.0 726.0 372.0 695.0 388.0 694.0 small-vehicle 0
145.0 694.0 155.0 703.0 141.0 727.0 128.0 718.0 small-vehicle 0
114.0 738.0 123.0 746.0 108.0 766.0 96.0 758.0 small-vehicle 0
168.0 397.0 160.0 408.0 136.0 386.0 144.0 378.0 small-vehicle 0
142.0 374.0 133.0 384.0 110.0 361.0 119.0 350.0 small-vehicle 0
109.0 346.0 101.0 355.0 77.0 335.0 86.0 324.0 small-vehicle 0
172.0 370.0 164.0 378.0 142.0 359.0 150.0 350.0 small-vehicle 0
267.0 326.0 277.0 316.0 298.0 336.0 287.0 345.0 small-vehicle 0
226.0 290.0 234.0 281.0 258.0 303.0 250.0 312.0 small-vehicle 0
196.0 264.0 203.0 254.0 227.0 274.0 218.0 284.0 small-vehicle 0
168.0 245.0 176.0 234.0 196.0 251.0 188.0 260.0 small-vehicle 0
147.0 221.0 155.0 212.0 174.0 232.0 166.0 239.0 small-vehicle 0
119.0 198.0 126.0 189.0 151.0 210.0 141.0 218.0 small-vehicle 0
64.0 178.0 73.0 170.0 92.0 187.0 84.0 196.0 small-vehicle 0
89.0 174.0 100.0 165.0 120.0 185.0 115.0 195.0 small-vehicle 0
852.0 958.0 863.0 969.0 837.0 992.0 827.0 982.0 small-vehicle 0
937.0 714.0 952.0 714.0 952.0 748.0 936.0 750.0 small-vehicle 0
929.0 769.0 943.0 772.0 937.0 796.0 922.0 796.0 small-vehicle 0
922.0 831.0 936.0 834.0 922.0 866.0 910.0 860.0 small-vehicle 0
264.0 371.0 1047.0 371.0 1047.0 1137.0 264.0 1137.0 roundabout 2
