195.0 197.0 195.0 208.0 167.0 210.0 166.0 198.0 small-vehicle 0
97.0 206.0 97.0 219.0 68.0 223.0 64.0 209.0 small-vehicle 0
280.0 201.0 285.0 219.0 182.0 240.0 177.0 218.0 large-vehicle 0
378.0 157.0 389.0 168.0 363.0 191.0 353.0 181.0 small-vehicle 0
476.0 483.0 488.0 493.0 470.0 518.0 454.0 508.0 small-vehicle 0
457.0 469.0 460.0 457.0 492.0 460.0 490.0 474.0 small-vehicle 0
448.0 30.0 462.0 33.0 448.0 65.0 436.0 59.0 small-vehicle 0
529.0 448.0 543.0 449.0 540.0 475.0 524.0 476.0 small-vehicle 0
510.0 370.0 527.0 371.0 526.0 403.0 508.0 401.0 small-vehicle 0
541.0 382.0 555.0 383.0 554.0 417.0 537.0 417.0 small-vehicle 0
562.0 393.0 576.0 392.0 577.0 426.0 564.0 427.0 small-vehicle 0
583.0 405.0 600.0 407.0 597.0 436.0 579.0 435.0 small-vehicle 0
617.0 361.0 631.0 366.0 626.0 393.0 613.0 390.0 small-vehicle 0
599.0 351.0 614.0 352.0 608.0 384.0 594.0 382.0 small-vehicle 0
581.0 334.0 591.0 338.0 586.0 369.0 573.0 367.0 small-vehicle 0
552.0 316.0 570.0 318.0 567.0 352.0 553.0 352.0 small-vehicle 0
536.0 301.0 550.0 303.0 547.0 333.0 534.0 334.0 small-vehicle 0
512.0 285.0 527.0 285.0 526.0 317.0 513.0 318.0 small-vehicle 0
490.0 269.0 505.0 268.0 507.0 305.0 491.0 307.0 small-vehicle 0
454.0 295.0 462.0 282.0 485.0 304.0 476.0 312.0 small-vehicle 0
450.0 328.0 458.0 315.0 486.0 329.0 479.0 340.0 small-vehicle 0
454.0 350.0 458.0 340.0 492.0 351.0 488.0 361.0 small-vehicle 0
453.0 378.0 456.0 365.0 492.0 371.0 489.0 383.0 small-vehicle 0
452.0 403.0 454.0 391.0 488.0 394.0 487.0 407.0 small-vehicle 0
456.0 423.0 457.0 409.0 493.0 415.0 491.0 427.0 small-vehicle 0
453.0 446.0 453.0 434.0 492.0 435.0 491.0 449.0 small-vehicle 0
