72.0 159.0 82.0 166.0 64.0 189.0 54.0 181.0 small-vehicle 0
537.0 539.0 537.0 550.0 509.0 552.0 508.0 540.0 small-vehicle 0
439.0 548.0 439.0 561.0 410.0 565.0 406.0 551.0 small-vehicle 0
766.0 81.0 778.0 81.0 781.0 111.0 767.0 112.0 small-vehicle 0
156.0 823.0 167.0 831.0 150.0 855.0 136.0 848.0 small-vehicle 0
85.0 753.0 74.0 743.0 90.0 721.0 105.0 731.0 small-vehicle 0
316.0 589.0 324.0 597.0 306.0 622.0 292.0 612.0 small-vehicle 0
255.0 266.0 240.0 267.0 240.0 236.0 256.0 235.0 small-vehicle 0
13.0 235.0 23.0 244.0 9.0 268.0 -4.0 259.0 small-vehicle 2
622.0 543.0 627.0 561.0 524.0 582.0 519.0 560.0 large-vehicle 0
720.0 499.0 731.0 510.0 705.0 533.0 695.0 523.0 small-vehicle 0
818.0 825.0 830.0 835.0 812.0 860.0 796.0 850.0 small-vehicle 0
799.0 811.0 802.0 799.0 834.0 802.0 832.0 816.0 small-vehicle 0
805.0 255.0 820.0 255.0 820.0 289.0 804.0 291.0 small-vehicle 0
797.0 310.0 811.0 313.0 805.0 337.0 790.0 337.0 small-vehicle 0
790.0 372.0 804.0 375.0 790.0 407.0 778.0 401.0 small-vehicle 0
871.0 790.0 885.0 791.0 882.0 817.0 866.0 818.0 small-vehicle 0
852.0 712.0 869.0 713.0 868.0 745.0 850.0 743.0 small-vehicle 0
883.0 724.0 897.0 725.0 896.0 759.0 879.0 759.0 small-vehicle 0
904.0 735.0 918.0 734.0 919.0 768.0 906.0 769.0 small-vehicle 0
925.0 747.0 942.0 749.0 939.0 778.0 921.0 777.0 small-vehicle 0
959.0 703.0 973.0 708.0 968.0 735.0 955.0 732.0 small-vehicle 0
941.0 693.0 956.0 694.0 950.0 726.0 936.0 724.0 small-vehicle 0
923.0 676.0 933.0 680.0 928.0 711.0 915.0 709.0 small-vehicle 0
894.0 658.0 912.0 660.0 909.0 694.0 895.0 694.0 small-vehicle 0
878.0 643.0 892.0 645.0 889.0 675.0 876.0 676.0 small-vehicle 0
854.0 627.0 869.0 627.0 868.0 659.0 855.0 660.0 small-vehicle 0
832.0 611.0 847.0 610.0 849.0 647.0 833.0 649.0 small-vehicle 0
796.0 637.0 804.0 624.0 827.0 646.0 818.0 654.0 small-vehicle 0
792.0 670.0 800.0 657.0 828.0 671.0 821.0 682.0 small-vehicle 0
796.0 692.0 800.0 682.0 834.0 693.0 830.0 703.0 small-vehicle 0
795.0 720.0 798.0 707.0 834.0 713.0 831.0 725.0 small-vehicle 0
794.0 745.0 796.0 733.0 830.0 736.0 829.0 749.0 small-vehicle 0
798.0 765.0 799.0 751.0 835.0 757.0 833.0 769.0 small-vehicle 0
795.0 788.0 795.0 776.0 834.0 777.0 833.0 791.0 small-vehicle 0
132.0 -88.0 915.0 -88.0 915.0 678.0 132.0 678.0 roundabout 2
