994.0 272.0 1011.0 292.0 925.0 360.0 911.0 344.0 large-vehicle 0
72.0 618.0 82.0 625.0 64.0 648.0 54.0 640.0 small-vehicle 0
537.0 998.0 537.0 1009.0 509.0 1011.0 508.0 999.0 small-vehicle 0
439.0 1007.0 439.0 1020.0 410.0 1024.0 406.0 1010.0 small-vehicle 0
766.0 540.0 778.0 540.0 781.0 570.0 767.0 571.0 small-vehicle 0
651.0 449.0 647.0 436.0 680.0 431.0 680.0 443.0 small-vehicle 0
565.0 103.0 554.0 92.0 577.0 63.0 592.0 77.0 small-vehicle 0
255.0 725.0 240.0 726.0 240.0 695.0 256.0 694.0 small-vehicle 0
13.0 694.0 23.0 703.0 9.0 727.0 -4.0 718.0 small-vehicle 2
36.0 397.0 28.0 408.0 4.0 386.0 12.0 378.0 small-vehicle 0
956.0 275.0 964.0 283.0 944.0 303.0 935.0 296.0 small-vehicle 0
40.0 370.0 32.0 378.0 10.0 359.0 18.0 350.0 small-vehicle 0
135.0 326.0 145.0 316.0 166.0 336.0 155.0 345.0 small-vehicle 0
94.0 290.0 102.0 281.0 126.0 303.0 118.0 312.0 small-vehicle 0
64.0 264.0 71.0 254.0 95.0 274.0 86.0 284.0 small-vehicle 0
36.0 245.0 44.0 234.0 64.0 251.0 56.0 260.0 small-vehicle 0
15.0 221.0 23.0 212.0 42.0 232.0 34.0 239.0 small-vehicle 0
720.0 958.0 731.0 969.0 705.0 992.0 695.0 982.0 small-vehicle 0
894.0 361.0 885.0 356.0 899.0 335.0 907.0 340.0 small-vehicle 0
805.0 714.0 820.0 714.0 820.0 748.0 804.0 750.0 small-vehicle 0
797.0 769.0 811.0 772.0 805.0 796.0 790.0 796.0 small-vehicle 0
790.0 831.0 804.0 834.0 790.0 866.0 778.0 860.0 small-vehicle 0
132.0 371.0 915.0 371.0 915.0 1137.0 132.0 1137.0 roundabout 2
